P (MPa)		T (K)		r (km)		rho (kg m-3)	VP (km s-1)	VS (km s-1)	QS/gamma	KS (GPa)	GS (GPa)	g (m/s2)	phase	k (S m-1)	
0.00000e+00	9.40000e+01	2.57473e+03	9.33197e+02	4.21698e+00	2.21673e+00	1.08055e+05	1.04808e+01	4.58565e+00	1.35418e+00	1.00000e+00	0.00000e+00
1.13523e+00	9.68556e+01	2.57383e+03	9.33227e+02	4.21350e+00	2.21213e+00	7.54769e+04	1.04791e+01	4.56675e+00	1.35442e+00	1.00000e+00	0.00000e+00
2.27047e+00	9.97979e+01	2.57293e+03	9.33248e+02	4.20979e+00	2.20739e+00	5.32817e+04	1.04763e+01	4.54732e+00	1.35467e+00	1.00000e+00	0.00000e+00
3.40570e+00	1.02830e+02	2.57204e+03	9.33261e+02	4.20585e+00	2.20252e+00	3.80015e+04	1.04722e+01	4.52734e+00	1.35491e+00	1.00000e+00	0.00000e+00
4.54094e+00	1.05953e+02	2.57114e+03	9.33264e+02	4.20166e+00	2.19752e+00	2.73748e+04	1.04667e+01	4.50680e+00	1.35515e+00	1.00000e+00	0.00000e+00
5.67617e+00	1.09172e+02	2.57024e+03	9.33257e+02	4.19720e+00	2.19237e+00	1.99114e+04	1.04598e+01	4.48569e+00	1.35540e+00	1.00000e+00	0.00000e+00
6.81141e+00	1.12489e+02	2.56934e+03	9.33237e+02	4.19246e+00	2.18708e+00	1.46193e+04	1.04513e+01	4.46399e+00	1.35564e+00	1.00000e+00	0.00000e+00
7.94664e+00	1.15906e+02	2.56845e+03	9.33206e+02	4.18742e+00	2.18165e+00	1.08320e+04	1.04410e+01	4.44168e+00	1.35588e+00	1.00000e+00	0.00000e+00
9.08187e+00	1.19427e+02	2.56755e+03	9.33160e+02	4.18206e+00	2.17607e+00	8.09713e+03	1.04290e+01	4.41876e+00	1.35613e+00	1.00000e+00	0.00000e+00
1.02171e+01	1.23055e+02	2.56665e+03	9.33100e+02	4.17638e+00	2.17033e+00	6.10489e+03	1.04150e+01	4.39520e+00	1.35637e+00	1.00000e+00	0.00000e+00
1.13523e+01	1.26793e+02	2.56576e+03	9.33024e+02	4.17034e+00	2.16443e+00	4.64132e+03	1.03989e+01	4.37100e+00	1.35662e+00	1.00000e+00	0.00000e+00
1.24876e+01	1.30645e+02	2.56486e+03	9.32930e+02	4.16392e+00	2.15837e+00	3.55725e+03	1.03806e+01	4.34612e+00	1.35687e+00	1.00000e+00	0.00000e+00
1.36228e+01	1.34614e+02	2.56397e+03	9.32818e+02	4.15712e+00	2.15215e+00	2.74785e+03	1.03599e+01	4.32056e+00	1.35711e+00	1.00000e+00	0.00000e+00
1.47580e+01	1.38703e+02	2.56307e+03	9.32686e+02	4.14991e+00	2.14575e+00	2.13884e+03	1.03367e+01	4.29431e+00	1.35736e+00	1.00000e+00	0.00000e+00
1.58933e+01	1.42917e+02	2.56217e+03	9.32533e+02	4.14226e+00	2.13917e+00	1.67714e+03	1.03109e+01	4.26733e+00	1.35761e+00	1.00000e+00	0.00000e+00
1.70285e+01	1.47258e+02	2.56128e+03	9.32357e+02	4.13417e+00	2.13242e+00	1.32458e+03	1.02824e+01	4.23962e+00	1.35785e+00	1.00000e+00	0.00000e+00
1.81637e+01	1.51732e+02	2.56038e+03	9.32156e+02	4.12560e+00	2.12548e+00	1.05343e+03	1.02509e+01	4.21116e+00	1.35810e+00	1.00000e+00	0.00000e+00
1.92990e+01	1.56341e+02	2.55949e+03	9.31931e+02	4.11653e+00	2.11834e+00	8.43463e+02	1.02165e+01	4.18191e+00	1.35835e+00	1.00000e+00	0.00000e+00
2.04342e+01	1.61090e+02	2.55860e+03	9.31678e+02	4.10696e+00	2.11101e+00	6.79788e+02	1.01789e+01	4.15188e+00	1.35860e+00	1.00000e+00	0.00000e+00
2.15694e+01	1.65984e+02	2.55770e+03	9.31397e+02	4.09685e+00	2.10347e+00	5.51369e+02	1.01380e+01	4.12103e+00	1.35885e+00	1.00000e+00	0.00000e+00
2.27047e+01	1.71027e+02	2.55681e+03	9.31085e+02	4.08619e+00	2.09571e+00	4.49980e+02	1.00938e+01	4.08934e+00	1.35910e+00	1.00000e+00	0.00000e+00
2.38399e+01	1.76222e+02	2.55591e+03	9.30742e+02	4.07496e+00	2.08774e+00	3.69441e+02	1.00462e+01	4.05679e+00	1.35935e+00	1.00000e+00	0.00000e+00
2.49752e+01	1.81575e+02	2.55502e+03	9.30366e+02	4.06314e+00	2.07954e+00	3.05086e+02	9.99500e+00	4.02336e+00	1.35960e+00	1.00000e+00	0.00000e+00
2.61104e+01	1.87091e+02	2.55413e+03	9.29954e+02	4.05071e+00	2.07110e+00	2.53367e+02	9.94025e+00	3.98902e+00	1.35985e+00	1.00000e+00	0.00000e+00
2.72456e+01	1.92775e+02	2.55323e+03	9.29507e+02	4.03767e+00	2.06242e+00	2.11571e+02	9.88189e+00	3.95374e+00	1.36010e+00	1.00000e+00	0.00000e+00
2.83809e+01	1.98631e+02	2.55234e+03	9.29021e+02	4.02400e+00	2.05349e+00	1.77612e+02	9.81988e+00	3.91751e+00	1.36035e+00	1.00000e+00	0.00000e+00
2.95161e+01	2.04665e+02	2.55145e+03	9.28495e+02	4.00968e+00	2.04429e+00	1.49874e+02	9.75422e+00	3.88030e+00	1.36060e+00	1.00000e+00	0.00000e+00
3.06513e+01	2.10883e+02	2.55056e+03	9.27929e+02	3.99472e+00	2.03482e+00	1.27103e+02	9.68492e+00	3.84207e+00	1.36086e+00	1.00000e+00	0.00000e+00
3.17866e+01	2.17289e+02	2.54966e+03	9.27319e+02	3.97910e+00	2.02506e+00	1.08317e+02	9.61202e+00	3.80280e+00	1.36111e+00	1.00000e+00	0.00000e+00
3.29218e+01	2.23890e+02	2.54877e+03	9.26664e+02	3.96281e+00	2.01500e+00	9.27434e+01	9.53558e+00	3.76245e+00	1.36136e+00	1.00000e+00	0.00000e+00
3.40570e+01	2.30691e+02	2.54788e+03	9.25962e+02	3.94585e+00	2.00463e+00	7.97733e+01	9.45566e+00	3.72101e+00	1.36162e+00	1.00000e+00	0.00000e+00
3.51923e+01	2.37699e+02	2.54699e+03	9.25212e+02	3.92823e+00	1.99393e+00	6.89226e+01	9.37236e+00	3.67843e+00	1.36187e+00	1.00000e+00	0.00000e+00
3.63275e+01	2.44920e+02	2.54610e+03	9.24412e+02	3.90994e+00	1.98290e+00	5.98050e+01	9.28580e+00	3.63468e+00	1.36213e+00	1.00000e+00	0.00000e+00
3.74627e+01	2.52361e+02	2.54520e+03	9.23560e+02	3.89098e+00	1.97151e+00	5.21110e+01	9.19611e+00	3.58974e+00	1.36238e+00	1.00000e+00	0.00000e+00
3.85980e+01	2.52400e+02	2.54431e+03	9.23677e+02	3.89132e+00	1.97118e+00	5.20738e+01	9.20130e+00	3.58896e+00	1.36264e+00	1.00000e+00	0.00000e+00
3.97332e+01	2.52441e+02	2.54342e+03	9.23789e+02	3.89166e+00	1.97084e+00	5.20362e+01	9.20649e+00	3.58818e+00	1.36289e+00	1.00000e+00	0.00000e+00
4.08684e+01	2.52481e+02	2.54253e+03	9.23901e+02	3.89200e+00	1.97051e+00	5.19984e+01	9.21167e+00	3.58740e+00	1.36315e+00	1.00000e+00	0.00000e+00
4.20037e+01	2.52522e+02	2.54164e+03	9.24012e+02	3.89234e+00	1.97018e+00	5.19603e+01	9.21685e+00	3.58662e+00	1.36341e+00	1.00000e+00	0.00000e+00
4.31389e+01	2.52563e+02	2.54075e+03	9.24123e+02	3.89268e+00	1.96984e+00	5.19218e+01	9.22202e+00	3.58583e+00	1.36366e+00	1.00000e+00	0.00000e+00
4.42741e+01	2.52605e+02	2.53986e+03	9.24235e+02	3.89302e+00	1.96951e+00	5.18831e+01	9.22718e+00	3.58504e+00	1.36392e+00	1.00000e+00	0.00000e+00
4.54094e+01	2.52647e+02	2.53897e+03	9.24346e+02	3.89335e+00	1.96917e+00	5.18441e+01	9.23234e+00	3.58425e+00	1.36418e+00	1.00000e+00	0.00000e+00
4.65446e+01	2.52689e+02	2.53808e+03	9.24457e+02	3.89369e+00	1.96883e+00	5.18047e+01	9.23749e+00	3.58346e+00	1.36444e+00	1.00000e+00	0.00000e+00
4.76798e+01	2.52732e+02	2.53719e+03	9.24568e+02	3.89402e+00	1.96850e+00	5.17651e+01	9.24263e+00	3.58267e+00	1.36470e+00	1.00000e+00	0.00000e+00
4.88151e+01	2.52775e+02	2.53630e+03	9.24679e+02	3.89436e+00	1.96816e+00	5.17251e+01	9.24777e+00	3.58187e+00	1.36496e+00	1.00000e+00	0.00000e+00
4.99503e+01	2.52819e+02	2.53541e+03	9.24790e+02	3.89469e+00	1.96783e+00	5.16849e+01	9.25290e+00	3.58108e+00	1.36522e+00	1.00000e+00	0.00000e+00
5.10855e+01	2.52862e+02	2.53452e+03	9.24900e+02	3.89502e+00	1.96749e+00	5.16443e+01	9.25803e+00	3.58028e+00	1.36548e+00	1.00000e+00	0.00000e+00
5.22208e+01	2.52907e+02	2.53363e+03	9.25011e+02	3.89535e+00	1.96715e+00	5.16034e+01	9.26315e+00	3.57947e+00	1.36574e+00	1.00000e+00	0.00000e+00
5.33560e+01	2.52951e+02	2.53275e+03	9.25121e+02	3.89568e+00	1.96681e+00	5.15622e+01	9.26826e+00	3.57867e+00	1.36600e+00	1.00000e+00	0.00000e+00
5.44912e+01	2.52996e+02	2.53186e+03	9.25232e+02	3.89600e+00	1.96647e+00	5.15207e+01	9.27337e+00	3.57786e+00	1.36626e+00	1.00000e+00	0.00000e+00
5.56265e+01	2.53042e+02	2.53097e+03	9.25342e+02	3.89633e+00	1.96613e+00	5.14788e+01	9.27846e+00	3.57706e+00	1.36652e+00	1.00000e+00	0.00000e+00
5.67617e+01	2.53088e+02	2.53008e+03	9.25452e+02	3.89665e+00	1.96579e+00	5.14367e+01	9.28355e+00	3.57625e+00	1.36678e+00	1.00000e+00	0.00000e+00
5.78969e+01	2.53134e+02	2.52919e+03	9.25562e+02	3.89697e+00	1.96545e+00	5.13942e+01	9.28864e+00	3.57543e+00	1.36705e+00	1.00000e+00	0.00000e+00
5.90322e+01	2.53181e+02	2.52830e+03	9.25672e+02	3.89730e+00	1.96511e+00	5.13514e+01	9.29371e+00	3.57462e+00	1.36731e+00	1.00000e+00	0.00000e+00
6.01674e+01	2.53228e+02	2.52742e+03	9.25782e+02	3.89762e+00	1.96477e+00	5.13083e+01	9.29878e+00	3.57380e+00	1.36758e+00	1.00000e+00	0.00000e+00
6.13026e+01	2.53275e+02	2.52653e+03	9.25892e+02	3.89794e+00	1.96443e+00	5.12648e+01	9.30385e+00	3.57298e+00	1.36784e+00	1.00000e+00	0.00000e+00
6.24379e+01	2.53323e+02	2.52564e+03	9.26002e+02	3.89825e+00	1.96409e+00	5.12210e+01	9.30890e+00	3.57216e+00	1.36811e+00	1.00000e+00	0.00000e+00
6.35731e+01	2.53372e+02	2.52475e+03	9.26111e+02	3.89857e+00	1.96375e+00	5.11769e+01	9.31395e+00	3.57134e+00	1.36837e+00	1.00000e+00	0.00000e+00
6.47083e+01	2.53420e+02	2.52387e+03	9.26221e+02	3.89888e+00	1.96340e+00	5.11324e+01	9.31898e+00	3.57051e+00	1.36864e+00	1.00000e+00	0.00000e+00
6.58436e+01	2.53470e+02	2.52298e+03	9.26330e+02	3.89920e+00	1.96306e+00	5.10876e+01	9.32402e+00	3.56968e+00	1.36890e+00	1.00000e+00	0.00000e+00
6.69788e+01	2.53519e+02	2.52209e+03	9.26440e+02	3.89951e+00	1.96271e+00	5.10425e+01	9.32904e+00	3.56885e+00	1.36917e+00	1.00000e+00	0.00000e+00
6.81141e+01	2.53569e+02	2.52121e+03	9.26549e+02	3.89982e+00	1.96237e+00	5.09970e+01	9.33405e+00	3.56802e+00	1.36944e+00	1.00000e+00	0.00000e+00
6.92493e+01	2.53620e+02	2.52032e+03	9.26658e+02	3.90013e+00	1.96202e+00	5.09512e+01	9.33906e+00	3.56718e+00	1.36971e+00	1.00000e+00	0.00000e+00
7.03845e+01	2.53671e+02	2.51943e+03	9.26767e+02	3.90044e+00	1.96168e+00	5.09050e+01	9.34406e+00	3.56634e+00	1.36998e+00	1.00000e+00	0.00000e+00
7.15198e+01	2.53722e+02	2.51855e+03	9.26876e+02	3.90074e+00	1.96133e+00	5.08585e+01	9.34905e+00	3.56550e+00	1.37025e+00	1.00000e+00	0.00000e+00
7.26550e+01	2.53774e+02	2.51766e+03	9.26984e+02	3.90105e+00	1.96099e+00	5.08117e+01	9.35403e+00	3.56466e+00	1.37052e+00	1.00000e+00	0.00000e+00
7.37902e+01	2.53827e+02	2.51678e+03	9.27093e+02	3.90135e+00	1.96064e+00	5.07644e+01	9.35900e+00	3.56382e+00	1.37079e+00	1.00000e+00	0.00000e+00
7.49255e+01	2.53879e+02	2.51589e+03	9.27202e+02	3.90165e+00	1.96029e+00	5.07169e+01	9.36397e+00	3.56297e+00	1.37106e+00	1.00000e+00	0.00000e+00
7.60607e+01	2.53933e+02	2.51500e+03	9.27310e+02	3.90195e+00	1.95994e+00	5.06690e+01	9.36892e+00	3.56212e+00	1.37133e+00	1.00000e+00	0.00000e+00
7.71959e+01	2.53986e+02	2.51412e+03	9.27418e+02	3.90225e+00	1.95959e+00	5.06207e+01	9.37387e+00	3.56126e+00	1.37160e+00	1.00000e+00	0.00000e+00
7.83312e+01	2.54041e+02	2.51323e+03	9.27527e+02	3.90255e+00	1.95924e+00	5.05721e+01	9.37881e+00	3.56041e+00	1.37187e+00	1.00000e+00	0.00000e+00
7.94664e+01	2.54095e+02	2.51235e+03	9.27635e+02	3.90284e+00	1.95889e+00	5.05231e+01	9.38374e+00	3.55955e+00	1.37215e+00	1.00000e+00	0.00000e+00
8.06016e+01	2.54150e+02	2.51146e+03	9.27743e+02	3.90314e+00	1.95854e+00	5.04737e+01	9.38865e+00	3.55869e+00	1.37242e+00	1.00000e+00	0.00000e+00
8.17369e+01	2.54206e+02	2.51058e+03	9.27851e+02	3.90343e+00	1.95819e+00	5.04240e+01	9.39356e+00	3.55782e+00	1.37269e+00	1.00000e+00	0.00000e+00
8.28721e+01	2.54262e+02	2.50969e+03	9.27959e+02	3.90372e+00	1.95784e+00	5.03739e+01	9.39846e+00	3.55696e+00	1.37297e+00	1.00000e+00	0.00000e+00
8.40073e+01	2.54319e+02	2.50881e+03	9.28066e+02	3.90401e+00	1.95748e+00	5.03235e+01	9.40336e+00	3.55609e+00	1.37324e+00	1.00000e+00	0.00000e+00
8.51426e+01	2.54376e+02	2.50792e+03	9.28174e+02	3.90429e+00	1.95713e+00	5.02727e+01	9.40824e+00	3.55521e+00	1.37352e+00	1.00000e+00	0.00000e+00
8.62778e+01	2.54434e+02	2.50704e+03	9.28281e+02	3.90458e+00	1.95678e+00	5.02215e+01	9.41311e+00	3.55434e+00	1.37380e+00	1.00000e+00	0.00000e+00
8.74130e+01	2.54492e+02	2.50615e+03	9.28389e+02	3.90486e+00	1.95642e+00	5.01699e+01	9.41797e+00	3.55346e+00	1.37407e+00	1.00000e+00	0.00000e+00
8.85483e+01	2.54550e+02	2.50527e+03	9.28496e+02	3.90514e+00	1.95607e+00	5.01180e+01	9.42282e+00	3.55258e+00	1.37435e+00	1.00000e+00	0.00000e+00
8.96835e+01	2.54610e+02	2.50438e+03	9.28603e+02	3.90542e+00	1.95571e+00	5.00656e+01	9.42766e+00	3.55170e+00	1.37463e+00	1.00000e+00	0.00000e+00
9.08187e+01	2.54669e+02	2.50350e+03	9.28710e+02	3.90570e+00	1.95535e+00	5.00129e+01	9.43249e+00	3.55081e+00	1.37491e+00	1.00000e+00	0.00000e+00
9.19540e+01	2.54730e+02	2.50261e+03	9.28817e+02	3.90598e+00	1.95500e+00	4.99599e+01	9.43731e+00	3.54992e+00	1.37519e+00	1.00000e+00	0.00000e+00
9.30892e+01	2.54790e+02	2.50173e+03	9.28924e+02	3.90625e+00	1.95464e+00	4.99064e+01	9.44212e+00	3.54903e+00	1.37547e+00	1.00000e+00	0.00000e+00
9.42244e+01	2.54852e+02	2.50084e+03	9.29031e+02	3.90652e+00	1.95428e+00	4.98525e+01	9.44692e+00	3.54813e+00	1.37575e+00	1.00000e+00	0.00000e+00
9.53597e+01	2.54913e+02	2.49996e+03	9.29138e+02	3.90680e+00	1.95392e+00	4.97983e+01	9.45171e+00	3.54723e+00	1.37603e+00	1.00000e+00	0.00000e+00
9.64949e+01	2.54976e+02	2.49907e+03	9.29244e+02	3.90706e+00	1.95356e+00	4.97437e+01	9.45649e+00	3.54633e+00	1.37631e+00	1.00000e+00	0.00000e+00
9.76301e+01	2.55039e+02	2.49819e+03	9.29351e+02	3.90733e+00	1.95320e+00	4.96887e+01	9.46125e+00	3.54543e+00	1.37660e+00	1.00000e+00	0.00000e+00
9.87654e+01	2.55102e+02	2.49731e+03	9.29457e+02	3.90759e+00	1.95284e+00	4.96332e+01	9.46601e+00	3.54452e+00	1.37688e+00	1.00000e+00	0.00000e+00
9.99006e+01	2.55166e+02	2.49642e+03	9.29563e+02	3.90786e+00	1.95247e+00	4.95774e+01	9.47075e+00	3.54361e+00	1.37716e+00	1.00000e+00	0.00000e+00
1.01036e+02	2.55231e+02	2.49554e+03	9.29669e+02	3.90812e+00	1.95211e+00	4.95212e+01	9.47549e+00	3.54269e+00	1.37745e+00	1.00000e+00	0.00000e+00
1.02171e+02	2.55296e+02	2.49465e+03	9.29775e+02	3.90838e+00	1.95175e+00	4.94646e+01	9.48021e+00	3.54178e+00	1.37773e+00	1.00000e+00	0.00000e+00
1.03306e+02	2.55362e+02	2.49377e+03	9.29881e+02	3.90863e+00	1.95138e+00	4.94076e+01	9.48492e+00	3.54086e+00	1.37802e+00	1.00000e+00	0.00000e+00
1.04442e+02	2.55428e+02	2.49288e+03	9.29987e+02	3.90889e+00	1.95102e+00	4.93502e+01	9.48961e+00	3.53993e+00	1.37831e+00	1.00000e+00	0.00000e+00
1.05577e+02	2.55495e+02	2.49200e+03	9.30093e+02	3.90914e+00	1.95065e+00	4.92924e+01	9.49430e+00	3.53901e+00	1.37859e+00	1.00000e+00	0.00000e+00
1.06712e+02	2.55562e+02	2.49112e+03	9.30198e+02	3.90939e+00	1.95028e+00	4.92342e+01	9.49897e+00	3.53808e+00	1.37888e+00	1.00000e+00	0.00000e+00
1.07847e+02	2.55630e+02	2.49023e+03	9.30304e+02	3.90964e+00	1.94992e+00	4.91755e+01	9.50363e+00	3.53714e+00	1.37917e+00	1.00000e+00	0.00000e+00
1.08982e+02	2.55699e+02	2.48935e+03	9.30409e+02	3.90989e+00	1.94955e+00	4.91165e+01	9.50828e+00	3.53620e+00	1.37946e+00	1.00000e+00	0.00000e+00
1.10118e+02	2.59912e+02	2.48846e+03	9.29994e+02	3.89842e+00	1.94285e+00	4.56802e+01	9.45318e+00	3.51040e+00	1.37975e+00	1.00000e+00	0.00000e+00
1.11253e+02	2.59956e+02	2.48758e+03	9.30103e+02	3.89872e+00	1.94251e+00	4.56463e+01	9.45808e+00	3.50961e+00	1.38004e+00	1.00000e+00	0.00000e+00
1.12388e+02	2.60000e+02	2.48670e+03	9.30212e+02	3.89902e+00	1.94218e+00	4.56125e+01	9.46297e+00	3.50882e+00	1.38033e+00	1.00000e+00	0.00000e+00
1.16138e+02	2.60024e+02	2.48434e+03	1.15381e+03	1.71177e+00	0.00000e+00	0.00000e+00	3.38085e+00	0.00000e+00	1.38067e+00	0.00000e+00	1.93815e+00
1.19889e+02	2.60049e+02	2.48199e+03	1.15508e+03	1.71881e+00	0.00000e+00	0.00000e+00	3.41246e+00	0.00000e+00	1.38101e+00	0.00000e+00	1.94440e+00
1.23639e+02	2.60074e+02	2.47964e+03	1.15634e+03	1.72580e+00	0.00000e+00	0.00000e+00	3.44403e+00	0.00000e+00	1.38135e+00	0.00000e+00	1.95064e+00
1.27389e+02	2.60101e+02	2.47730e+03	1.15759e+03	1.73274e+00	0.00000e+00	0.00000e+00	3.47555e+00	0.00000e+00	1.38168e+00	0.00000e+00	1.95688e+00
1.31139e+02	2.60129e+02	2.47495e+03	1.15883e+03	1.73964e+00	0.00000e+00	0.00000e+00	3.50702e+00	0.00000e+00	1.38202e+00	0.00000e+00	1.96312e+00
1.34890e+02	2.60158e+02	2.47261e+03	1.16006e+03	1.74649e+00	0.00000e+00	0.00000e+00	3.53845e+00	0.00000e+00	1.38236e+00	0.00000e+00	1.96935e+00
1.38640e+02	2.60187e+02	2.47028e+03	1.16128e+03	1.75329e+00	0.00000e+00	0.00000e+00	3.56982e+00	0.00000e+00	1.38270e+00	0.00000e+00	1.97559e+00
1.42390e+02	2.60218e+02	2.46794e+03	1.16250e+03	1.76005e+00	0.00000e+00	0.00000e+00	3.60114e+00	0.00000e+00	1.38304e+00	0.00000e+00	1.98182e+00
1.46140e+02	2.60250e+02	2.46561e+03	1.16370e+03	1.76676e+00	0.00000e+00	0.00000e+00	3.63240e+00	0.00000e+00	1.38338e+00	0.00000e+00	1.98805e+00
1.49891e+02	2.60282e+02	2.46329e+03	1.16489e+03	1.77342e+00	0.00000e+00	0.00000e+00	3.66360e+00	0.00000e+00	1.38372e+00	0.00000e+00	1.99428e+00
1.53641e+02	2.60315e+02	2.46096e+03	1.16608e+03	1.78003e+00	0.00000e+00	0.00000e+00	3.69474e+00	0.00000e+00	1.38406e+00	0.00000e+00	2.00051e+00
1.57391e+02	2.60349e+02	2.45864e+03	1.16725e+03	1.78660e+00	0.00000e+00	0.00000e+00	3.72581e+00	0.00000e+00	1.38440e+00	0.00000e+00	2.00674e+00
1.61141e+02	2.60384e+02	2.45632e+03	1.16842e+03	1.79313e+00	0.00000e+00	0.00000e+00	3.75682e+00	0.00000e+00	1.38474e+00	0.00000e+00	2.01297e+00
1.64892e+02	2.60420e+02	2.45401e+03	1.16958e+03	1.79960e+00	0.00000e+00	0.00000e+00	3.78775e+00	0.00000e+00	1.38508e+00	0.00000e+00	2.01920e+00
1.68642e+02	2.60456e+02	2.45170e+03	1.17073e+03	1.80603e+00	0.00000e+00	0.00000e+00	3.81862e+00	0.00000e+00	1.38542e+00	0.00000e+00	2.02543e+00
1.72392e+02	2.60493e+02	2.44939e+03	1.17187e+03	1.81241e+00	0.00000e+00	0.00000e+00	3.84940e+00	0.00000e+00	1.38577e+00	0.00000e+00	2.03167e+00
1.76142e+02	2.60531e+02	2.44708e+03	1.17301e+03	1.81875e+00	0.00000e+00	0.00000e+00	3.88012e+00	0.00000e+00	1.38611e+00	0.00000e+00	2.03790e+00
1.79893e+02	2.60570e+02	2.44477e+03	1.17414e+03	1.82504e+00	0.00000e+00	0.00000e+00	3.91076e+00	0.00000e+00	1.38645e+00	0.00000e+00	2.04415e+00
1.83643e+02	2.60609e+02	2.44247e+03	1.17526e+03	1.83128e+00	0.00000e+00	0.00000e+00	3.94133e+00	0.00000e+00	1.38679e+00	0.00000e+00	2.05040e+00
1.87393e+02	2.60649e+02	2.44017e+03	1.17637e+03	1.83749e+00	0.00000e+00	0.00000e+00	3.97184e+00	0.00000e+00	1.38714e+00	0.00000e+00	2.05665e+00
1.91143e+02	2.60690e+02	2.43788e+03	1.17747e+03	1.84365e+00	0.00000e+00	0.00000e+00	4.00228e+00	0.00000e+00	1.38748e+00	0.00000e+00	2.06291e+00
1.94894e+02	2.60731e+02	2.43558e+03	1.17857e+03	1.84977e+00	0.00000e+00	0.00000e+00	4.03266e+00	0.00000e+00	1.38783e+00	0.00000e+00	2.06918e+00
1.98644e+02	2.60773e+02	2.43329e+03	1.17966e+03	1.85586e+00	0.00000e+00	0.00000e+00	4.06299e+00	0.00000e+00	1.38818e+00	0.00000e+00	2.07545e+00
2.02394e+02	2.60815e+02	2.43101e+03	1.18075e+03	1.86190e+00	0.00000e+00	0.00000e+00	4.09327e+00	0.00000e+00	1.38852e+00	0.00000e+00	2.08174e+00
2.06144e+02	2.60858e+02	2.42872e+03	1.18182e+03	1.86791e+00	0.00000e+00	0.00000e+00	4.12349e+00	0.00000e+00	1.38887e+00	0.00000e+00	2.08804e+00
2.09895e+02	2.60902e+02	2.42644e+03	1.18289e+03	1.87389e+00	0.00000e+00	0.00000e+00	4.15367e+00	0.00000e+00	1.38922e+00	0.00000e+00	2.09434e+00
2.13645e+02	2.60946e+02	2.42416e+03	1.18395e+03	1.87983e+00	0.00000e+00	0.00000e+00	4.18380e+00	0.00000e+00	1.38957e+00	0.00000e+00	2.10066e+00
2.17395e+02	2.60991e+02	2.42188e+03	1.18501e+03	1.88573e+00	0.00000e+00	0.00000e+00	4.21389e+00	0.00000e+00	1.38992e+00	0.00000e+00	2.10697e+00
2.21145e+02	2.61036e+02	2.41960e+03	1.18606e+03	1.89161e+00	0.00000e+00	0.00000e+00	4.24393e+00	0.00000e+00	1.39027e+00	0.00000e+00	2.11329e+00
2.24896e+02	2.61082e+02	2.41733e+03	1.18710e+03	1.89745e+00	0.00000e+00	0.00000e+00	4.27393e+00	0.00000e+00	1.39062e+00	0.00000e+00	2.11961e+00
2.28646e+02	2.61128e+02	2.41506e+03	1.18814e+03	1.90325e+00	0.00000e+00	0.00000e+00	4.30388e+00	0.00000e+00	1.39097e+00	0.00000e+00	2.12594e+00
2.32396e+02	2.61175e+02	2.41280e+03	1.18917e+03	1.90902e+00	0.00000e+00	0.00000e+00	4.33378e+00	0.00000e+00	1.39132e+00	0.00000e+00	2.13226e+00
2.36146e+02	2.61222e+02	2.41053e+03	1.19020e+03	1.91476e+00	0.00000e+00	0.00000e+00	4.36363e+00	0.00000e+00	1.39167e+00	0.00000e+00	2.13858e+00
2.39897e+02	2.61270e+02	2.40827e+03	1.19122e+03	1.92046e+00	0.00000e+00	0.00000e+00	4.39341e+00	0.00000e+00	1.39203e+00	0.00000e+00	2.14490e+00
2.43647e+02	2.61318e+02	2.40601e+03	1.19223e+03	1.92613e+00	0.00000e+00	0.00000e+00	4.42313e+00	0.00000e+00	1.39238e+00	0.00000e+00	2.15121e+00
2.47397e+02	2.61366e+02	2.40375e+03	1.19324e+03	1.93175e+00	0.00000e+00	0.00000e+00	4.45276e+00	0.00000e+00	1.39274e+00	0.00000e+00	2.15752e+00
2.51147e+02	2.61415e+02	2.40150e+03	1.19424e+03	1.93734e+00	0.00000e+00	0.00000e+00	4.48231e+00	0.00000e+00	1.39309e+00	0.00000e+00	2.16382e+00
2.54898e+02	2.61465e+02	2.39924e+03	1.19523e+03	1.94288e+00	0.00000e+00	0.00000e+00	4.51174e+00	0.00000e+00	1.39345e+00	0.00000e+00	2.17012e+00
2.58648e+02	2.61515e+02	2.39699e+03	1.19622e+03	1.94838e+00	0.00000e+00	0.00000e+00	4.54106e+00	0.00000e+00	1.39381e+00	0.00000e+00	2.17641e+00
2.62398e+02	2.61565e+02	2.39475e+03	1.19721e+03	1.95382e+00	0.00000e+00	0.00000e+00	4.57024e+00	0.00000e+00	1.39417e+00	0.00000e+00	2.18269e+00
2.66148e+02	2.61616e+02	2.39250e+03	1.19818e+03	1.95922e+00	0.00000e+00	0.00000e+00	4.59926e+00	0.00000e+00	1.39453e+00	0.00000e+00	2.18897e+00
2.69899e+02	2.61667e+02	2.39026e+03	1.19916e+03	1.96456e+00	0.00000e+00	0.00000e+00	4.62814e+00	0.00000e+00	1.39489e+00	0.00000e+00	2.19523e+00
2.73649e+02	2.61718e+02	2.38802e+03	1.20013e+03	1.96985e+00	0.00000e+00	0.00000e+00	4.65685e+00	0.00000e+00	1.39525e+00	0.00000e+00	2.20149e+00
2.77399e+02	2.61770e+02	2.38578e+03	1.20109e+03	1.97509e+00	0.00000e+00	0.00000e+00	4.68542e+00	0.00000e+00	1.39561e+00	0.00000e+00	2.20774e+00
2.81149e+02	2.61822e+02	2.38355e+03	1.20205e+03	1.98028e+00	0.00000e+00	0.00000e+00	4.71385e+00	0.00000e+00	1.39598e+00	0.00000e+00	2.21397e+00
2.84900e+02	2.61875e+02	2.38131e+03	1.20300e+03	1.98544e+00	0.00000e+00	0.00000e+00	4.74217e+00	0.00000e+00	1.39634e+00	0.00000e+00	2.22020e+00
2.88650e+02	2.61927e+02	2.37908e+03	1.20395e+03	1.99055e+00	0.00000e+00	0.00000e+00	4.77039e+00	0.00000e+00	1.39671e+00	0.00000e+00	2.22642e+00
2.92400e+02	2.61981e+02	2.37685e+03	1.20489e+03	1.99563e+00	0.00000e+00	0.00000e+00	4.79853e+00	0.00000e+00	1.39707e+00	0.00000e+00	2.23262e+00
2.96150e+02	2.62034e+02	2.37463e+03	1.20583e+03	2.00068e+00	0.00000e+00	0.00000e+00	4.82661e+00	0.00000e+00	1.39744e+00	0.00000e+00	2.23882e+00
2.99901e+02	2.62088e+02	2.37240e+03	1.20676e+03	2.00571e+00	0.00000e+00	0.00000e+00	4.85464e+00	0.00000e+00	1.39781e+00	0.00000e+00	2.24501e+00
3.03651e+02	2.62142e+02	2.37018e+03	1.20769e+03	2.01071e+00	0.00000e+00	0.00000e+00	4.88263e+00	0.00000e+00	1.39818e+00	0.00000e+00	2.25118e+00
3.07401e+02	2.62197e+02	2.36796e+03	1.20862e+03	2.01569e+00	0.00000e+00	0.00000e+00	4.91060e+00	0.00000e+00	1.39855e+00	0.00000e+00	2.25735e+00
3.11151e+02	2.62252e+02	2.36575e+03	1.20954e+03	2.02064e+00	0.00000e+00	0.00000e+00	4.93854e+00	0.00000e+00	1.39892e+00	0.00000e+00	2.26350e+00
3.14902e+02	2.62307e+02	2.36353e+03	1.21045e+03	2.02558e+00	0.00000e+00	0.00000e+00	4.96647e+00	0.00000e+00	1.39930e+00	0.00000e+00	2.26964e+00
3.18652e+02	2.62363e+02	2.36132e+03	1.21136e+03	2.03050e+00	0.00000e+00	0.00000e+00	4.99438e+00	0.00000e+00	1.39967e+00	0.00000e+00	2.27577e+00
3.22402e+02	2.62419e+02	2.35911e+03	1.21227e+03	2.03541e+00	0.00000e+00	0.00000e+00	5.02229e+00	0.00000e+00	1.40004e+00	0.00000e+00	2.28188e+00
3.26152e+02	2.62475e+02	2.35690e+03	1.21317e+03	2.04030e+00	0.00000e+00	0.00000e+00	5.05020e+00	0.00000e+00	1.40042e+00	0.00000e+00	2.28798e+00
3.29903e+02	2.62531e+02	2.35469e+03	1.21407e+03	2.04517e+00	0.00000e+00	0.00000e+00	5.07811e+00	0.00000e+00	1.40080e+00	0.00000e+00	2.29405e+00
3.33653e+02	2.62588e+02	2.35249e+03	1.21496e+03	2.05003e+00	0.00000e+00	0.00000e+00	5.10603e+00	0.00000e+00	1.40118e+00	0.00000e+00	2.30011e+00
3.37403e+02	2.62645e+02	2.35029e+03	1.21585e+03	2.05487e+00	0.00000e+00	0.00000e+00	5.13395e+00	0.00000e+00	1.40156e+00	0.00000e+00	2.30615e+00
3.41153e+02	2.62703e+02	2.34809e+03	1.21674e+03	2.05971e+00	0.00000e+00	0.00000e+00	5.16189e+00	0.00000e+00	1.40194e+00	0.00000e+00	2.31217e+00
3.44904e+02	2.62760e+02	2.34589e+03	1.21762e+03	2.06453e+00	0.00000e+00	0.00000e+00	5.18983e+00	0.00000e+00	1.40232e+00	0.00000e+00	2.31817e+00
3.48654e+02	2.62819e+02	2.34370e+03	1.21850e+03	2.06933e+00	0.00000e+00	0.00000e+00	5.21779e+00	0.00000e+00	1.40270e+00	0.00000e+00	2.32414e+00
3.52404e+02	2.62877e+02	2.34151e+03	1.21937e+03	2.07413e+00	0.00000e+00	0.00000e+00	5.24575e+00	0.00000e+00	1.40309e+00	0.00000e+00	2.33009e+00
3.56154e+02	2.62936e+02	2.33932e+03	1.22024e+03	2.07891e+00	0.00000e+00	0.00000e+00	5.27372e+00	0.00000e+00	1.40347e+00	0.00000e+00	2.33602e+00
3.59905e+02	2.62995e+02	2.33713e+03	1.22111e+03	2.08368e+00	0.00000e+00	0.00000e+00	5.30171e+00	0.00000e+00	1.40386e+00	0.00000e+00	2.34191e+00
3.63655e+02	2.63054e+02	2.33494e+03	1.22197e+03	2.08844e+00	0.00000e+00	0.00000e+00	5.32969e+00	0.00000e+00	1.40424e+00	0.00000e+00	2.34778e+00
3.67405e+02	2.63113e+02	2.33276e+03	1.22282e+03	2.09318e+00	0.00000e+00	0.00000e+00	5.35769e+00	0.00000e+00	1.40463e+00	0.00000e+00	2.35362e+00
3.71155e+02	2.63173e+02	2.33058e+03	1.22368e+03	2.09791e+00	0.00000e+00	0.00000e+00	5.38569e+00	0.00000e+00	1.40502e+00	0.00000e+00	2.35943e+00
3.74906e+02	2.63233e+02	2.32840e+03	1.22453e+03	2.10263e+00	0.00000e+00	0.00000e+00	5.41369e+00	0.00000e+00	1.40542e+00	0.00000e+00	2.36521e+00
3.78656e+02	2.63294e+02	2.32622e+03	1.22537e+03	2.10733e+00	0.00000e+00	0.00000e+00	5.44169e+00	0.00000e+00	1.40581e+00	0.00000e+00	2.37096e+00
3.82406e+02	2.63354e+02	2.32404e+03	1.22621e+03	2.11202e+00	0.00000e+00	0.00000e+00	5.46969e+00	0.00000e+00	1.40620e+00	0.00000e+00	2.37667e+00
3.86156e+02	2.63415e+02	2.32187e+03	1.22705e+03	2.11670e+00	0.00000e+00	0.00000e+00	5.49769e+00	0.00000e+00	1.40660e+00	0.00000e+00	2.38234e+00
3.89907e+02	2.63477e+02	2.31970e+03	1.22789e+03	2.12136e+00	0.00000e+00	0.00000e+00	5.52569e+00	0.00000e+00	1.40699e+00	0.00000e+00	2.38798e+00
3.93657e+02	2.63538e+02	2.31753e+03	1.22872e+03	2.12601e+00	0.00000e+00	0.00000e+00	5.55369e+00	0.00000e+00	1.40739e+00	0.00000e+00	2.39357e+00
3.97407e+02	2.63600e+02	2.31536e+03	1.22955e+03	2.13064e+00	0.00000e+00	0.00000e+00	5.58169e+00	0.00000e+00	1.40779e+00	0.00000e+00	2.39913e+00
4.01157e+02	2.63662e+02	2.31320e+03	1.23037e+03	2.13526e+00	0.00000e+00	0.00000e+00	5.60969e+00	0.00000e+00	1.40819e+00	0.00000e+00	2.40464e+00
4.04908e+02	2.63724e+02	2.31103e+03	1.23119e+03	2.13987e+00	0.00000e+00	0.00000e+00	5.63769e+00	0.00000e+00	1.40859e+00	0.00000e+00	2.41011e+00
4.08658e+02	2.63787e+02	2.30887e+03	1.23201e+03	2.14447e+00	0.00000e+00	0.00000e+00	5.66569e+00	0.00000e+00	1.40900e+00	0.00000e+00	2.41554e+00
4.12408e+02	2.63849e+02	2.30671e+03	1.23282e+03	2.14906e+00	0.00000e+00	0.00000e+00	5.69370e+00	0.00000e+00	1.40940e+00	0.00000e+00	2.42093e+00
4.16158e+02	2.63912e+02	2.30456e+03	1.23363e+03	2.15363e+00	0.00000e+00	0.00000e+00	5.72171e+00	0.00000e+00	1.40981e+00	0.00000e+00	2.42627e+00
4.19909e+02	2.63975e+02	2.30240e+03	1.23444e+03	2.15819e+00	0.00000e+00	0.00000e+00	5.74973e+00	0.00000e+00	1.41022e+00	0.00000e+00	2.43157e+00
4.23659e+02	2.64039e+02	2.30025e+03	1.23524e+03	2.16274e+00	0.00000e+00	0.00000e+00	5.77775e+00	0.00000e+00	1.41063e+00	0.00000e+00	2.43684e+00
4.27409e+02	2.64102e+02	2.29810e+03	1.23604e+03	2.16728e+00	0.00000e+00	0.00000e+00	5.80579e+00	0.00000e+00	1.41104e+00	0.00000e+00	2.44206e+00
4.31159e+02	2.64166e+02	2.29595e+03	1.23683e+03	2.17181e+00	0.00000e+00	0.00000e+00	5.83383e+00	0.00000e+00	1.41145e+00	0.00000e+00	2.44724e+00
4.34910e+02	2.64230e+02	2.29380e+03	1.23763e+03	2.17633e+00	0.00000e+00	0.00000e+00	5.86188e+00	0.00000e+00	1.41186e+00	0.00000e+00	2.45239e+00
4.38660e+02	2.64295e+02	2.29166e+03	1.23842e+03	2.18083e+00	0.00000e+00	0.00000e+00	5.88995e+00	0.00000e+00	1.41228e+00	0.00000e+00	2.45749e+00
4.42410e+02	2.64359e+02	2.28951e+03	1.23920e+03	2.18533e+00	0.00000e+00	0.00000e+00	5.91802e+00	0.00000e+00	1.41269e+00	0.00000e+00	2.46256e+00
4.46160e+02	2.64424e+02	2.28737e+03	1.23999e+03	2.18982e+00	0.00000e+00	0.00000e+00	5.94610e+00	0.00000e+00	1.41311e+00	0.00000e+00	2.46759e+00
4.49911e+02	2.64489e+02	2.28523e+03	1.24076e+03	2.19429e+00	0.00000e+00	0.00000e+00	5.97419e+00	0.00000e+00	1.41353e+00	0.00000e+00	2.47259e+00
4.53661e+02	2.64554e+02	2.28310e+03	1.24154e+03	2.19876e+00	0.00000e+00	0.00000e+00	6.00228e+00	0.00000e+00	1.41395e+00	0.00000e+00	2.47755e+00
4.57411e+02	2.64619e+02	2.28096e+03	1.24232e+03	2.20321e+00	0.00000e+00	0.00000e+00	6.03037e+00	0.00000e+00	1.41437e+00	0.00000e+00	2.48248e+00
4.61161e+02	2.64684e+02	2.27883e+03	1.24309e+03	2.20765e+00	0.00000e+00	0.00000e+00	6.05845e+00	0.00000e+00	1.41479e+00	0.00000e+00	2.48738e+00
4.64912e+02	2.64750e+02	2.27670e+03	1.24385e+03	2.21207e+00	0.00000e+00	0.00000e+00	6.08651e+00	0.00000e+00	1.41522e+00	0.00000e+00	2.49224e+00
4.68662e+02	2.64815e+02	2.27457e+03	1.24462e+03	2.21648e+00	0.00000e+00	0.00000e+00	6.11454e+00	0.00000e+00	1.41565e+00	0.00000e+00	2.49707e+00
4.72412e+02	2.64881e+02	2.27244e+03	1.24538e+03	2.22087e+00	0.00000e+00	0.00000e+00	6.14254e+00	0.00000e+00	1.41607e+00	0.00000e+00	2.50188e+00
4.76162e+02	2.64947e+02	2.27032e+03	1.24614e+03	2.22524e+00	0.00000e+00	0.00000e+00	6.17049e+00	0.00000e+00	1.41650e+00	0.00000e+00	2.50665e+00
4.79913e+02	2.65013e+02	2.26819e+03	1.24689e+03	2.22959e+00	0.00000e+00	0.00000e+00	6.19840e+00	0.00000e+00	1.41693e+00	0.00000e+00	2.51140e+00
4.83663e+02	2.65080e+02	2.26607e+03	1.24764e+03	2.23392e+00	0.00000e+00	0.00000e+00	6.22626e+00	0.00000e+00	1.41737e+00	0.00000e+00	2.51612e+00
4.87413e+02	2.65146e+02	2.26395e+03	1.24839e+03	2.23824e+00	0.00000e+00	0.00000e+00	6.25410e+00	0.00000e+00	1.41780e+00	0.00000e+00	2.52081e+00
4.91163e+02	2.65213e+02	2.26183e+03	1.24914e+03	2.24254e+00	0.00000e+00	0.00000e+00	6.28191e+00	0.00000e+00	1.41824e+00	0.00000e+00	2.52548e+00
4.94914e+02	2.65280e+02	2.25972e+03	1.24988e+03	2.24683e+00	0.00000e+00	0.00000e+00	6.30972e+00	0.00000e+00	1.41867e+00	0.00000e+00	2.53012e+00
4.98664e+02	2.65347e+02	2.25761e+03	1.25062e+03	2.25111e+00	0.00000e+00	0.00000e+00	6.33753e+00	0.00000e+00	1.41911e+00	0.00000e+00	2.53475e+00
5.02414e+02	2.65414e+02	2.25549e+03	1.25136e+03	2.25538e+00	0.00000e+00	0.00000e+00	6.36535e+00	0.00000e+00	1.41955e+00	0.00000e+00	2.53935e+00
5.06164e+02	2.65481e+02	2.25338e+03	1.25210e+03	2.25964e+00	0.00000e+00	0.00000e+00	6.39320e+00	0.00000e+00	1.42000e+00	0.00000e+00	2.54393e+00
5.09915e+02	2.65548e+02	2.25128e+03	1.25283e+03	2.26390e+00	0.00000e+00	0.00000e+00	6.42106e+00	0.00000e+00	1.42044e+00	0.00000e+00	2.54849e+00
5.13665e+02	2.65616e+02	2.24917e+03	1.25356e+03	2.26815e+00	0.00000e+00	0.00000e+00	6.44896e+00	0.00000e+00	1.42089e+00	0.00000e+00	2.55303e+00
5.17415e+02	2.65683e+02	2.24706e+03	1.25429e+03	2.27240e+00	0.00000e+00	0.00000e+00	6.47688e+00	0.00000e+00	1.42133e+00	0.00000e+00	2.55754e+00
5.21165e+02	2.65751e+02	2.24496e+03	1.25501e+03	2.27664e+00	0.00000e+00	0.00000e+00	6.50482e+00	0.00000e+00	1.42178e+00	0.00000e+00	2.56202e+00
5.24916e+02	2.65819e+02	2.24286e+03	1.25573e+03	2.28087e+00	0.00000e+00	0.00000e+00	6.53279e+00	0.00000e+00	1.42223e+00	0.00000e+00	2.56647e+00
5.28666e+02	2.65886e+02	2.24076e+03	1.25645e+03	2.28510e+00	0.00000e+00	0.00000e+00	6.56077e+00	0.00000e+00	1.42268e+00	0.00000e+00	2.57089e+00
5.32416e+02	2.65954e+02	2.23867e+03	1.25717e+03	2.28931e+00	0.00000e+00	0.00000e+00	6.58875e+00	0.00000e+00	1.42314e+00	0.00000e+00	2.57528e+00
5.36166e+02	2.66023e+02	2.23657e+03	1.25788e+03	2.29352e+00	0.00000e+00	0.00000e+00	6.61673e+00	0.00000e+00	1.42359e+00	0.00000e+00	2.57964e+00
5.39917e+02	2.66091e+02	2.23448e+03	1.25859e+03	2.29771e+00	0.00000e+00	0.00000e+00	6.64467e+00	0.00000e+00	1.42405e+00	0.00000e+00	2.58396e+00
5.43667e+02	2.66159e+02	2.23239e+03	1.25930e+03	2.30187e+00	0.00000e+00	0.00000e+00	6.67255e+00	0.00000e+00	1.42451e+00	0.00000e+00	2.58824e+00
5.47417e+02	2.66228e+02	2.23030e+03	1.26001e+03	2.30602e+00	0.00000e+00	0.00000e+00	6.70036e+00	0.00000e+00	1.42497e+00	0.00000e+00	2.59249e+00
5.51167e+02	2.66296e+02	2.22821e+03	1.26071e+03	2.31014e+00	0.00000e+00	0.00000e+00	6.72808e+00	0.00000e+00	1.42543e+00	0.00000e+00	2.59669e+00
5.54918e+02	2.66365e+02	2.22612e+03	1.26141e+03	2.31423e+00	0.00000e+00	0.00000e+00	6.75568e+00	0.00000e+00	1.42590e+00	0.00000e+00	2.60085e+00
5.58668e+02	2.66433e+02	2.22404e+03	1.26211e+03	2.31829e+00	0.00000e+00	0.00000e+00	6.78318e+00	0.00000e+00	1.42636e+00	0.00000e+00	2.60497e+00
5.62418e+02	2.66502e+02	2.22196e+03	1.26280e+03	2.32233e+00	0.00000e+00	0.00000e+00	6.81059e+00	0.00000e+00	1.42683e+00	0.00000e+00	2.60904e+00
5.66168e+02	2.66571e+02	2.21988e+03	1.26350e+03	2.32635e+00	0.00000e+00	0.00000e+00	6.83793e+00	0.00000e+00	1.42730e+00	0.00000e+00	2.61306e+00
5.69918e+02	2.66640e+02	2.21780e+03	1.26419e+03	2.33035e+00	0.00000e+00	0.00000e+00	6.86523e+00	0.00000e+00	1.42777e+00	0.00000e+00	2.61704e+00
5.73669e+02	2.66709e+02	2.21572e+03	1.26488e+03	2.33434e+00	0.00000e+00	0.00000e+00	6.89251e+00	0.00000e+00	1.42824e+00	0.00000e+00	2.62096e+00
5.77419e+02	2.66778e+02	2.21365e+03	1.26556e+03	2.33832e+00	0.00000e+00	0.00000e+00	6.91979e+00	0.00000e+00	1.42872e+00	0.00000e+00	2.62484e+00
5.81169e+02	2.66847e+02	2.21158e+03	1.26625e+03	2.34230e+00	0.00000e+00	0.00000e+00	6.94710e+00	0.00000e+00	1.42919e+00	0.00000e+00	2.62866e+00
5.84919e+02	2.66917e+02	2.20950e+03	1.26693e+03	2.34627e+00	0.00000e+00	0.00000e+00	6.97444e+00	0.00000e+00	1.42967e+00	0.00000e+00	2.63242e+00
5.88670e+02	2.66986e+02	2.20744e+03	1.26761e+03	2.35025e+00	0.00000e+00	0.00000e+00	7.00184e+00	0.00000e+00	1.43015e+00	0.00000e+00	2.63613e+00
5.92420e+02	2.67055e+02	2.20537e+03	1.26829e+03	2.35422e+00	0.00000e+00	0.00000e+00	7.02928e+00	0.00000e+00	1.43063e+00	0.00000e+00	2.63978e+00
5.96170e+02	2.67125e+02	2.20330e+03	1.26896e+03	2.35819e+00	0.00000e+00	0.00000e+00	7.05679e+00	0.00000e+00	1.43112e+00	0.00000e+00	2.64336e+00
5.99920e+02	2.67195e+02	2.20124e+03	1.26963e+03	2.36217e+00	0.00000e+00	0.00000e+00	7.08437e+00	0.00000e+00	1.43160e+00	0.00000e+00	2.64689e+00
6.03671e+02	2.67264e+02	2.19918e+03	1.27030e+03	2.36615e+00	0.00000e+00	0.00000e+00	7.11202e+00	0.00000e+00	1.43209e+00	0.00000e+00	2.65036e+00
6.07421e+02	2.67334e+02	2.19712e+03	1.27097e+03	2.37014e+00	0.00000e+00	0.00000e+00	7.13975e+00	0.00000e+00	1.43258e+00	0.00000e+00	2.65376e+00
6.11171e+02	2.67404e+02	2.19506e+03	1.27164e+03	2.37413e+00	0.00000e+00	0.00000e+00	7.16755e+00	0.00000e+00	1.43307e+00	0.00000e+00	2.65710e+00
6.14921e+02	2.67474e+02	2.19300e+03	1.27230e+03	2.37812e+00	0.00000e+00	0.00000e+00	7.19544e+00	0.00000e+00	1.43356e+00	0.00000e+00	2.66037e+00
6.18672e+02	2.67544e+02	2.19094e+03	1.27296e+03	2.38212e+00	0.00000e+00	0.00000e+00	7.22341e+00	0.00000e+00	1.43406e+00	0.00000e+00	2.66359e+00
6.22422e+02	2.67614e+02	2.18889e+03	1.27362e+03	2.38612e+00	0.00000e+00	0.00000e+00	7.25146e+00	0.00000e+00	1.43456e+00	0.00000e+00	2.66673e+00
6.26172e+02	2.67684e+02	2.18684e+03	1.27428e+03	2.39013e+00	0.00000e+00	0.00000e+00	7.27958e+00	0.00000e+00	1.43505e+00	0.00000e+00	2.66982e+00
6.29922e+02	2.67754e+02	2.18479e+03	1.27493e+03	2.39414e+00	0.00000e+00	0.00000e+00	7.30777e+00	0.00000e+00	1.43555e+00	0.00000e+00	2.67284e+00
6.33673e+02	2.67824e+02	2.18274e+03	1.27559e+03	2.39814e+00	0.00000e+00	0.00000e+00	7.33601e+00	0.00000e+00	1.43606e+00	0.00000e+00	2.67580e+00
6.37423e+02	2.67895e+02	2.18070e+03	1.27624e+03	2.40215e+00	0.00000e+00	0.00000e+00	7.36430e+00	0.00000e+00	1.43656e+00	0.00000e+00	2.67869e+00
6.41173e+02	2.67965e+02	2.17865e+03	1.27688e+03	2.40615e+00	0.00000e+00	0.00000e+00	7.39262e+00	0.00000e+00	1.43707e+00	0.00000e+00	2.68152e+00
6.44923e+02	2.68036e+02	2.17661e+03	1.27753e+03	2.41015e+00	0.00000e+00	0.00000e+00	7.42096e+00	0.00000e+00	1.43758e+00	0.00000e+00	2.68428e+00
6.48674e+02	2.68106e+02	2.17457e+03	1.27817e+03	2.41415e+00	0.00000e+00	0.00000e+00	7.44934e+00	0.00000e+00	1.43809e+00	0.00000e+00	2.68698e+00
6.52424e+02	2.68177e+02	2.17253e+03	1.27882e+03	2.41814e+00	0.00000e+00	0.00000e+00	7.47773e+00	0.00000e+00	1.43860e+00	0.00000e+00	2.68961e+00
6.56174e+02	2.68248e+02	2.17049e+03	1.27946e+03	2.42212e+00	0.00000e+00	0.00000e+00	7.50616e+00	0.00000e+00	1.43911e+00	0.00000e+00	2.69218e+00
6.59924e+02	2.68318e+02	2.16846e+03	1.28009e+03	2.42611e+00	0.00000e+00	0.00000e+00	7.53462e+00	0.00000e+00	1.43963e+00	0.00000e+00	2.69469e+00
6.63675e+02	2.68389e+02	2.16642e+03	1.28073e+03	2.43009e+00	0.00000e+00	0.00000e+00	7.56313e+00	0.00000e+00	1.44015e+00	0.00000e+00	2.69713e+00
6.67425e+02	2.68460e+02	2.16439e+03	1.28136e+03	2.43407e+00	0.00000e+00	0.00000e+00	7.59170e+00	0.00000e+00	1.44067e+00	0.00000e+00	2.69950e+00
6.71175e+02	2.68531e+02	2.16236e+03	1.28199e+03	2.43806e+00	0.00000e+00	0.00000e+00	7.62033e+00	0.00000e+00	1.44119e+00	0.00000e+00	2.70181e+00
6.74925e+02	2.68602e+02	2.16033e+03	1.28262e+03	2.44205e+00	0.00000e+00	0.00000e+00	7.64903e+00	0.00000e+00	1.44171e+00	0.00000e+00	2.70406e+00
6.78676e+02	2.68673e+02	2.15830e+03	1.28325e+03	2.44604e+00	0.00000e+00	0.00000e+00	7.67780e+00	0.00000e+00	1.44224e+00	0.00000e+00	2.70624e+00
6.82426e+02	2.68744e+02	2.15628e+03	1.28388e+03	2.45003e+00	0.00000e+00	0.00000e+00	7.70666e+00	0.00000e+00	1.44277e+00	0.00000e+00	2.70835e+00
6.86176e+02	2.70374e+02	2.15433e+03	1.33391e+03	4.38529e+00	2.24120e+00	1.90828e+02	1.67185e+01	6.70021e+00	1.44320e+00	6.00000e+00	0.00000e+00
6.89926e+02	2.70621e+02	2.15238e+03	1.33416e+03	4.38667e+00	2.24114e+00	1.89815e+02	1.67382e+01	6.70109e+00	1.44363e+00	6.00000e+00	0.00000e+00
6.93677e+02	2.70868e+02	2.15043e+03	1.33441e+03	4.38804e+00	2.24108e+00	1.88809e+02	1.67579e+01	6.70197e+00	1.44406e+00	6.00000e+00	0.00000e+00
6.97427e+02	2.71115e+02	2.14849e+03	1.33465e+03	4.38941e+00	2.24102e+00	1.87810e+02	1.67776e+01	6.70284e+00	1.44450e+00	6.00000e+00	0.00000e+00
7.01177e+02	2.71362e+02	2.14654e+03	1.33490e+03	4.39078e+00	2.24095e+00	1.86819e+02	1.67972e+01	6.70371e+00	1.44494e+00	6.00000e+00	0.00000e+00
7.04927e+02	2.71609e+02	2.14460e+03	1.33515e+03	4.39214e+00	2.24089e+00	1.85835e+02	1.68168e+01	6.70458e+00	1.44538e+00	6.00000e+00	0.00000e+00
7.08678e+02	2.71856e+02	2.14266e+03	1.33540e+03	4.39351e+00	2.24083e+00	1.84857e+02	1.68364e+01	6.70543e+00	1.44583e+00	6.00000e+00	0.00000e+00
7.12428e+02	2.72093e+02	2.14071e+03	1.33565e+03	4.39490e+00	2.24079e+00	1.83926e+02	1.68562e+01	6.70649e+00	1.44627e+00	6.00000e+00	0.00000e+00
7.16178e+02	2.72330e+02	2.13877e+03	1.33589e+03	4.39629e+00	2.24076e+00	1.83003e+02	1.68760e+01	6.70754e+00	1.44672e+00	6.00000e+00	0.00000e+00
7.19928e+02	2.72566e+02	2.13683e+03	1.33614e+03	4.39768e+00	2.24073e+00	1.82087e+02	1.68957e+01	6.70859e+00	1.44718e+00	6.00000e+00	0.00000e+00
7.23679e+02	2.72802e+02	2.13489e+03	1.33639e+03	4.39907e+00	2.24069e+00	1.81177e+02	1.69154e+01	6.70964e+00	1.44763e+00	6.00000e+00	0.00000e+00
7.27429e+02	2.73039e+02	2.13296e+03	1.33664e+03	4.40046e+00	2.24066e+00	1.80272e+02	1.69352e+01	6.71068e+00	1.44809e+00	6.00000e+00	0.00000e+00
7.31179e+02	2.73275e+02	2.13102e+03	1.33689e+03	4.40184e+00	2.24062e+00	1.79374e+02	1.69549e+01	6.71172e+00	1.44855e+00	6.00000e+00	0.00000e+00
7.34929e+02	2.73509e+02	2.12908e+03	1.33714e+03	4.40323e+00	2.24059e+00	1.78489e+02	1.69746e+01	6.71279e+00	1.44901e+00	6.00000e+00	0.00000e+00
7.38680e+02	2.73736e+02	2.12715e+03	1.33739e+03	4.40464e+00	2.24059e+00	1.77640e+02	1.69944e+01	6.71401e+00	1.44948e+00	6.00000e+00	0.00000e+00
7.42430e+02	2.73962e+02	2.12521e+03	1.33764e+03	4.40605e+00	2.24058e+00	1.76797e+02	1.70143e+01	6.71522e+00	1.44995e+00	6.00000e+00	0.00000e+00
7.46180e+02	2.74189e+02	2.12328e+03	1.33789e+03	4.40745e+00	2.24057e+00	1.75958e+02	1.70341e+01	6.71643e+00	1.45042e+00	6.00000e+00	0.00000e+00
7.49930e+02	2.74415e+02	2.12135e+03	1.33814e+03	4.40886e+00	2.24056e+00	1.75126e+02	1.70539e+01	6.71764e+00	1.45089e+00	6.00000e+00	0.00000e+00
7.53681e+02	2.74642e+02	2.11942e+03	1.33839e+03	4.41026e+00	2.24056e+00	1.74298e+02	1.70737e+01	6.71884e+00	1.45137e+00	6.00000e+00	0.00000e+00
7.57431e+02	2.74868e+02	2.11749e+03	1.33864e+03	4.41166e+00	2.24055e+00	1.73476e+02	1.70935e+01	6.72004e+00	1.45184e+00	6.00000e+00	0.00000e+00
7.61181e+02	2.75090e+02	2.11556e+03	1.33889e+03	4.41307e+00	2.24055e+00	1.72673e+02	1.71134e+01	6.72131e+00	1.45233e+00	6.00000e+00	0.00000e+00
7.64931e+02	2.75308e+02	2.11363e+03	1.33914e+03	4.41450e+00	2.24057e+00	1.71895e+02	1.71334e+01	6.72268e+00	1.45281e+00	6.00000e+00	0.00000e+00
7.68682e+02	2.75525e+02	2.11170e+03	1.33939e+03	4.41592e+00	2.24058e+00	1.71120e+02	1.71533e+01	6.72404e+00	1.45330e+00	6.00000e+00	0.00000e+00
7.72432e+02	2.75742e+02	2.10977e+03	1.33964e+03	4.41735e+00	2.24060e+00	1.70351e+02	1.71733e+01	6.72540e+00	1.45379e+00	6.00000e+00	0.00000e+00
7.76182e+02	2.75959e+02	2.10785e+03	1.33990e+03	4.41877e+00	2.24061e+00	1.69586e+02	1.71932e+01	6.72675e+00	1.45428e+00	6.00000e+00	0.00000e+00
7.79932e+02	2.76176e+02	2.10593e+03	1.34015e+03	4.42019e+00	2.24063e+00	1.68826e+02	1.72131e+01	6.72810e+00	1.45477e+00	6.00000e+00	0.00000e+00
7.83683e+02	2.76393e+02	2.10400e+03	1.34040e+03	4.42161e+00	2.24064e+00	1.68070e+02	1.72331e+01	6.72944e+00	1.45527e+00	6.00000e+00	0.00000e+00
7.87433e+02	2.76605e+02	2.10208e+03	1.34065e+03	4.42305e+00	2.24067e+00	1.67340e+02	1.72531e+01	6.73089e+00	1.45577e+00	6.00000e+00	0.00000e+00
7.91183e+02	2.76813e+02	2.10016e+03	1.34090e+03	4.42450e+00	2.24071e+00	1.66623e+02	1.72732e+01	6.73240e+00	1.45627e+00	6.00000e+00	0.00000e+00
7.94933e+02	2.77022e+02	2.09824e+03	1.34115e+03	4.42594e+00	2.24075e+00	1.65910e+02	1.72933e+01	6.73389e+00	1.45678e+00	6.00000e+00	0.00000e+00
7.98684e+02	2.77230e+02	2.09632e+03	1.34141e+03	4.42738e+00	2.24079e+00	1.65202e+02	1.73134e+01	6.73538e+00	1.45728e+00	6.00000e+00	0.00000e+00
8.02434e+02	2.77439e+02	2.09440e+03	1.34166e+03	4.42883e+00	2.24083e+00	1.64497e+02	1.73335e+01	6.73687e+00	1.45779e+00	6.00000e+00	0.00000e+00
8.06184e+02	2.77647e+02	2.09248e+03	1.34191e+03	4.43027e+00	2.24086e+00	1.63797e+02	1.73535e+01	6.73835e+00	1.45831e+00	6.00000e+00	0.00000e+00
8.09934e+02	2.77856e+02	2.09057e+03	1.34216e+03	4.43171e+00	2.24090e+00	1.63100e+02	1.73736e+01	6.73983e+00	1.45882e+00	6.00000e+00	0.00000e+00
8.13685e+02	2.78057e+02	2.08865e+03	1.34241e+03	4.43317e+00	2.24096e+00	1.62433e+02	1.73938e+01	6.74145e+00	1.45934e+00	6.00000e+00	0.00000e+00
8.17435e+02	2.78257e+02	2.08674e+03	1.34267e+03	4.43463e+00	2.24102e+00	1.61771e+02	1.74141e+01	6.74307e+00	1.45986e+00	6.00000e+00	0.00000e+00
8.21185e+02	2.78458e+02	2.08483e+03	1.34292e+03	4.43609e+00	2.24107e+00	1.61112e+02	1.74343e+01	6.74469e+00	1.46039e+00	6.00000e+00	0.00000e+00
8.24935e+02	2.78658e+02	2.08291e+03	1.34317e+03	4.43755e+00	2.24113e+00	1.60457e+02	1.74545e+01	6.74631e+00	1.46091e+00	6.00000e+00	0.00000e+00
8.28686e+02	2.78859e+02	2.08100e+03	1.34342e+03	4.43901e+00	2.24119e+00	1.59806e+02	1.74747e+01	6.74792e+00	1.46144e+00	6.00000e+00	0.00000e+00
8.32436e+02	2.79059e+02	2.07909e+03	1.34368e+03	4.44047e+00	2.24124e+00	1.59158e+02	1.74950e+01	6.74952e+00	1.46198e+00	6.00000e+00	0.00000e+00
8.36186e+02	2.79258e+02	2.07718e+03	1.34393e+03	4.44193e+00	2.24130e+00	1.58518e+02	1.75152e+01	6.75115e+00	1.46251e+00	6.00000e+00	0.00000e+00
8.39936e+02	2.79451e+02	2.07528e+03	1.34418e+03	4.44341e+00	2.24138e+00	1.57901e+02	1.75355e+01	6.75289e+00	1.46305e+00	6.00000e+00	0.00000e+00
8.43687e+02	2.79644e+02	2.07337e+03	1.34444e+03	4.44488e+00	2.24146e+00	1.57288e+02	1.75559e+01	6.75462e+00	1.46359e+00	6.00000e+00	0.00000e+00
8.47437e+02	2.79837e+02	2.07147e+03	1.34469e+03	4.44636e+00	2.24153e+00	1.56677e+02	1.75762e+01	6.75635e+00	1.46413e+00	6.00000e+00	0.00000e+00
8.51187e+02	2.80030e+02	2.06956e+03	1.34494e+03	4.44783e+00	2.24161e+00	1.56070e+02	1.75965e+01	6.75808e+00	1.46468e+00	6.00000e+00	0.00000e+00
8.54937e+02	2.80223e+02	2.06766e+03	1.34520e+03	4.44930e+00	2.24168e+00	1.55466e+02	1.76168e+01	6.75980e+00	1.46523e+00	6.00000e+00	0.00000e+00
8.58688e+02	2.80416e+02	2.06575e+03	1.34545e+03	4.45077e+00	2.24176e+00	1.54865e+02	1.76371e+01	6.76152e+00	1.46578e+00	6.00000e+00	0.00000e+00
8.62438e+02	2.80606e+02	2.06385e+03	1.34570e+03	4.45225e+00	2.24184e+00	1.54277e+02	1.76575e+01	6.76329e+00	1.46633e+00	6.00000e+00	0.00000e+00
8.66188e+02	2.80792e+02	2.06195e+03	1.34596e+03	4.45374e+00	2.24193e+00	1.53704e+02	1.76779e+01	6.76513e+00	1.46689e+00	6.00000e+00	0.00000e+00
8.69938e+02	2.80978e+02	2.06005e+03	1.34621e+03	4.45522e+00	2.24203e+00	1.53133e+02	1.76983e+01	6.76696e+00	1.46745e+00	6.00000e+00	0.00000e+00
8.73689e+02	2.81164e+02	2.05816e+03	1.34646e+03	4.45671e+00	2.24212e+00	1.52565e+02	1.77187e+01	6.76879e+00	1.46801e+00	6.00000e+00	0.00000e+00
8.77439e+02	2.81350e+02	2.05626e+03	1.34672e+03	4.45819e+00	2.24221e+00	1.52001e+02	1.77391e+01	6.77062e+00	1.46858e+00	6.00000e+00	0.00000e+00
8.81189e+02	2.81536e+02	2.05436e+03	1.34697e+03	4.45967e+00	2.24230e+00	1.51439e+02	1.77595e+01	6.77244e+00	1.46915e+00	6.00000e+00	0.00000e+00
8.84939e+02	2.81723e+02	2.05247e+03	3.41359e+03	4.94606e+00	2.32560e+00	4.90554e+13	5.89015e+01	1.84621e+01	1.46972e+00	5.00000e+01	0.00000e+00
9.88952e+02	3.03153e+02	2.03174e+03	3.45551e+03	5.47697e+00	2.33520e+00	6.53505e+12	7.85346e+01	1.88434e+01	1.46972e+00	5.00000e+01	0.00000e+00
1.09424e+03	3.24367e+02	2.01100e+03	3.46614e+03	5.81174e+00	2.34091e+00	1.15884e+12	9.17482e+01	1.89940e+01	1.46972e+00	5.00000e+01	0.00000e+00
1.19986e+03	3.45363e+02	1.99027e+03	3.47288e+03	5.99386e+00	2.34586e+00	2.58111e+11	9.92865e+01	1.91115e+01	1.46972e+00	5.00000e+01	0.00000e+00
1.30568e+03	3.66141e+02	1.96954e+03	3.47822e+03	6.10285e+00	2.35083e+00	6.92295e+10	1.03917e+02	1.92220e+01	1.46972e+00	5.00000e+01	0.00000e+00
1.41166e+03	3.86702e+02	1.94881e+03	3.48436e+03	6.18205e+00	2.35776e+00	2.16504e+10	1.07337e+02	1.93697e+01	1.46972e+00	5.00000e+01	0.00000e+00
1.51783e+03	4.07045e+02	1.92808e+03	3.48873e+03	6.23297e+00	2.36217e+00	7.69896e+09	1.09581e+02	1.94666e+01	1.46972e+00	5.00000e+01	0.00000e+00
1.62413e+03	4.27170e+02	1.90734e+03	3.49283e+03	6.27196e+00	2.36651e+00	3.05133e+09	1.11318e+02	1.95611e+01	1.46972e+00	5.00000e+01	0.00000e+00
1.73056e+03	4.47078e+02	1.88661e+03	3.49675e+03	6.30336e+00	2.37075e+00	1.32642e+09	1.12729e+02	1.96533e+01	1.46972e+00	5.00000e+01	0.00000e+00
1.83710e+03	4.66769e+02	1.86588e+03	3.50050e+03	6.32975e+00	2.37489e+00	6.24261e+08	1.13925e+02	1.97433e+01	1.46972e+00	5.00000e+01	0.00000e+00
1.94376e+03	4.86242e+02	1.84515e+03	3.50412e+03	6.35263e+00	2.37895e+00	3.14705e+08	1.14970e+02	1.98313e+01	1.46972e+00	5.00000e+01	0.00000e+00
2.05054e+03	5.05497e+02	1.82442e+03	3.50764e+03	6.37303e+00	2.38294e+00	1.68445e+08	1.15908e+02	1.99177e+01	1.46972e+00	5.00000e+01	0.00000e+00
2.15741e+03	5.24534e+02	1.80368e+03	3.51103e+03	6.39150e+00	2.38682e+00	9.50219e+07	1.16761e+02	2.00020e+01	1.46972e+00	5.00000e+01	0.00000e+00
2.26440e+03	5.43355e+02	1.78295e+03	3.51431e+03	6.40844e+00	2.39060e+00	5.61433e+07	1.17547e+02	2.00842e+01	1.46972e+00	5.00000e+01	0.00000e+00
2.37148e+03	5.61957e+02	1.76222e+03	3.52394e+03	6.46460e+00	2.40962e+00	3.45616e+07	1.19988e+02	2.04609e+01	1.46972e+00	5.00000e+01	0.00000e+00
2.47885e+03	5.80342e+02	1.74149e+03	3.52698e+03	6.47925e+00	2.41319e+00	2.20725e+07	1.20679e+02	2.05393e+01	1.46972e+00	5.00000e+01	0.00000e+00
2.58632e+03	5.98509e+02	1.72076e+03	3.52993e+03	6.49306e+00	2.41667e+00	1.45643e+07	1.21333e+02	2.06160e+01	1.46972e+00	5.00000e+01	0.00000e+00
2.69388e+03	6.16459e+02	1.70002e+03	3.53282e+03	6.50622e+00	2.42011e+00	9.89607e+06	1.21959e+02	2.06915e+01	1.46972e+00	5.00000e+01	0.00000e+00
2.80152e+03	6.34191e+02	1.67929e+03	3.53561e+03	6.51873e+00	2.42345e+00	6.90420e+06	1.22555e+02	2.07650e+01	1.46972e+00	5.00000e+01	0.00000e+00
2.90926e+03	6.51706e+02	1.65856e+03	3.53835e+03	6.53074e+00	2.42673e+00	4.93340e+06	1.23129e+02	2.08373e+01	1.46972e+00	5.00000e+01	0.00000e+00
3.01707e+03	6.69003e+02	1.63783e+03	3.54101e+03	6.54228e+00	2.42994e+00	3.60248e+06	1.23683e+02	2.09083e+01	1.46972e+00	5.00000e+01	0.00000e+00
3.12497e+03	6.86083e+02	1.61710e+03	3.54358e+03	6.55330e+00	2.43305e+00	2.68309e+06	1.24212e+02	2.09771e+01	1.46972e+00	5.00000e+01	0.00000e+00
3.23294e+03	7.02945e+02	1.59636e+03	3.54607e+03	6.56382e+00	2.43606e+00	2.03470e+06	1.24720e+02	2.10436e+01	1.46972e+00	5.00000e+01	0.00000e+00
3.34099e+03	7.19589e+02	1.57563e+03	3.54850e+03	6.57395e+00	2.43900e+00	1.56869e+06	1.25209e+02	2.11091e+01	1.46972e+00	5.00000e+01	0.00000e+00
3.44911e+03	7.36016e+02	1.55490e+03	3.55084e+03	6.58360e+00	2.44185e+00	1.22787e+06	1.25677e+02	2.11724e+01	1.46972e+00	5.00000e+01	0.00000e+00
3.55731e+03	7.52225e+02	1.53417e+03	3.55309e+03	6.59263e+00	2.44457e+00	9.74605e+05	1.26117e+02	2.12329e+01	1.46972e+00	5.00000e+01	0.00000e+00
3.66557e+03	7.68217e+02	1.51344e+03	3.55526e+03	6.60070e+00	2.44708e+00	7.83593e+05	1.26514e+02	2.12897e+01	1.46972e+00	5.00000e+01	0.00000e+00
3.77390e+03	7.83991e+02	1.49270e+03	3.55722e+03	6.61037e+00	2.45000e+00	6.37553e+05	1.26970e+02	2.13521e+01	1.46972e+00	5.00000e+01	0.00000e+00
3.88229e+03	7.99547e+02	1.47197e+03	3.55927e+03	6.63142e+00	2.45529e+00	5.24476e+05	1.27912e+02	2.14569e+01	1.46972e+00	5.00000e+01	0.00000e+00
3.99074e+03	8.14886e+02	1.45124e+03	3.56142e+03	6.64016e+00	2.45791e+00	4.35889e+05	1.28341e+02	2.15157e+01	1.46972e+00	5.00000e+01	0.00000e+00
4.09926e+03	8.30008e+02	1.43051e+03	3.56350e+03	6.64856e+00	2.46043e+00	3.65728e+05	1.28755e+02	2.15724e+01	1.46972e+00	5.00000e+01	0.00000e+00
4.20784e+03	8.44911e+02	1.40978e+03	3.57376e+03	6.64190e+00	2.47016e+00	3.09593e+05	1.28581e+02	2.18060e+01	1.46972e+00	5.00000e+01	0.00000e+00
4.31673e+03	8.59598e+02	1.38904e+03	3.60560e+03	6.60327e+00	2.49752e+00	2.64292e+05	1.27228e+02	2.24904e+01	1.46972e+00	5.00000e+01	0.00000e+00
4.42660e+03	8.74066e+02	1.36831e+03	3.63076e+03	6.58475e+00	2.51827e+00	2.27495e+05	1.26726e+02	2.30253e+01	1.46972e+00	5.00000e+01	0.00000e+00
4.53723e+03	8.88317e+02	1.34758e+03	3.63269e+03	6.59589e+00	2.52020e+00	1.97319e+05	1.27279e+02	2.30726e+01	1.46972e+00	5.00000e+01	0.00000e+00
4.64791e+03	9.02351e+02	1.32685e+03	3.63456e+03	6.60666e+00	2.52209e+00	1.72302e+05	1.27816e+02	2.31192e+01	1.46972e+00	5.00000e+01	0.00000e+00
4.75866e+03	9.16167e+02	1.30612e+03	3.63636e+03	6.61705e+00	2.52393e+00	1.51412e+05	1.28333e+02	2.31644e+01	1.46972e+00	5.00000e+01	0.00000e+00
4.86946e+03	9.29765e+02	1.28538e+03	3.63808e+03	6.62706e+00	2.52571e+00	1.33849e+05	1.28832e+02	2.32082e+01	1.46972e+00	5.00000e+01	0.00000e+00
4.98031e+03	9.43146e+02	1.26465e+03	3.63974e+03	6.63675e+00	2.52747e+00	1.18989e+05	1.29317e+02	2.32510e+01	1.46972e+00	5.00000e+01	0.00000e+00
5.09122e+03	9.56309e+02	1.24392e+03	3.64132e+03	6.64607e+00	2.52916e+00	1.06340e+05	1.29782e+02	2.32922e+01	1.46972e+00	5.00000e+01	0.00000e+00
5.20217e+03	9.69255e+02	1.22319e+03	3.64284e+03	6.65506e+00	2.53079e+00	9.55114e+04	1.30231e+02	2.33321e+01	1.46972e+00	5.00000e+01	0.00000e+00
5.31317e+03	9.81983e+02	1.20246e+03	3.64430e+03	6.66380e+00	2.53241e+00	8.61920e+04	1.30668e+02	2.33713e+01	1.46972e+00	5.00000e+01	0.00000e+00
5.42421e+03	9.94493e+02	1.18172e+03	3.64569e+03	6.67221e+00	2.53397e+00	7.81307e+04	1.31088e+02	2.34089e+01	1.46972e+00	5.00000e+01	0.00000e+00
5.53530e+03	1.00679e+03	1.16099e+03	3.64702e+03	6.68033e+00	2.53548e+00	7.11245e+04	1.31495e+02	2.34455e+01	1.46972e+00	5.00000e+01	0.00000e+00
5.64642e+03	1.01886e+03	1.14026e+03	3.64831e+03	6.68823e+00	2.53698e+00	6.50079e+04	1.31889e+02	2.34814e+01	1.46972e+00	5.00000e+01	0.00000e+00
5.75759e+03	1.03072e+03	1.11953e+03	3.64952e+03	6.69580e+00	2.53841e+00	5.96452e+04	1.32268e+02	2.35157e+01	1.46972e+00	5.00000e+01	0.00000e+00
5.86879e+03	1.04236e+03	1.09880e+03	3.65067e+03	6.70310e+00	2.53979e+00	5.49245e+04	1.32632e+02	2.35486e+01	1.46972e+00	5.00000e+01	0.00000e+00
5.98002e+03	1.05378e+03	1.07806e+03	3.65175e+03	6.71016e+00	2.54113e+00	5.07531e+04	1.32984e+02	2.35806e+01	1.46972e+00	5.00000e+01	0.00000e+00
6.09129e+03	1.06499e+03	1.05733e+03	3.65279e+03	6.71697e+00	2.54243e+00	4.70538e+04	1.33324e+02	2.36115e+01	1.46972e+00	5.00000e+01	0.00000e+00
6.20259e+03	1.07597e+03	1.03660e+03	3.65376e+03	6.72350e+00	2.54368e+00	4.37621e+04	1.33648e+02	2.36408e+01	1.46972e+00	5.00000e+01	0.00000e+00
6.31393e+03	1.08674e+03	1.01587e+03	3.65490e+03	6.72911e+00	2.54487e+00	4.08236e+04	1.33937e+02	2.36705e+01	1.46972e+00	5.00000e+01	0.00000e+00
6.42529e+03	1.09730e+03	9.95136e+02	3.66281e+03	6.71389e+00	2.54567e+00	3.81925e+04	1.33457e+02	2.37366e+01	1.46972e+00	5.00000e+01	0.00000e+00
6.53690e+03	1.10763e+03	9.74404e+02	3.67162e+03	6.69581e+00	2.54636e+00	3.58325e+04	1.32871e+02	2.38066e+01	1.46972e+00	5.00000e+01	0.00000e+00
6.64877e+03	1.11775e+03	9.53672e+02	3.68017e+03	6.67832e+00	2.54704e+00	3.37102e+04	1.32302e+02	2.38748e+01	1.46972e+00	5.00000e+01	0.00000e+00
6.76091e+03	1.12765e+03	9.32940e+02	3.68617e+03	6.66841e+00	2.54783e+00	3.17964e+04	1.32011e+02	2.39286e+01	1.46972e+00	5.00000e+01	0.00000e+00
6.87323e+03	1.13733e+03	9.12208e+02	3.68684e+03	6.67346e+00	2.54882e+00	3.00657e+04	1.32259e+02	2.39515e+01	1.46972e+00	5.00000e+01	0.00000e+00
6.98557e+03	1.14679e+03	8.91476e+02	3.68747e+03	6.67833e+00	2.54978e+00	2.84955e+04	1.32497e+02	2.39736e+01	1.46972e+00	5.00000e+01	0.00000e+00
7.09792e+03	1.15604e+03	8.70744e+02	3.68804e+03	6.68302e+00	2.55070e+00	2.70679e+04	1.32725e+02	2.39947e+01	1.46972e+00	5.00000e+01	0.00000e+00
7.21030e+03	1.16507e+03	8.50012e+02	3.68857e+03	6.68753e+00	2.55159e+00	2.57673e+04	1.32945e+02	2.40149e+01	1.46972e+00	5.00000e+01	0.00000e+00
7.32269e+03	1.17388e+03	8.29280e+02	3.68900e+03	6.69176e+00	2.55240e+00	2.45803e+04	1.33148e+02	2.40331e+01	1.46972e+00	5.00000e+01	0.00000e+00
7.43510e+03	1.18248e+03	8.08548e+02	3.68945e+03	6.69591e+00	2.55323e+00	2.34951e+04	1.33348e+02	2.40515e+01	1.46972e+00	5.00000e+01	0.00000e+00
7.54751e+03	1.19085e+03	7.87816e+02	3.68979e+03	6.69985e+00	2.55400e+00	2.25013e+04	1.33536e+02	2.40682e+01	1.46972e+00	5.00000e+01	0.00000e+00
7.65994e+03	1.19901e+03	7.67084e+02	3.69008e+03	6.70352e+00	2.55470e+00	2.15899e+04	1.33711e+02	2.40834e+01	1.46972e+00	5.00000e+01	0.00000e+00
7.77238e+03	1.20695e+03	7.46352e+02	3.69027e+03	6.70702e+00	2.55537e+00	2.07531e+04	1.33874e+02	2.40971e+01	1.46972e+00	5.00000e+01	0.00000e+00
7.88482e+03	1.21468e+03	7.25620e+02	3.69041e+03	6.71026e+00	2.55595e+00	1.99836e+04	1.34025e+02	2.41091e+01	1.46972e+00	5.00000e+01	0.00000e+00
7.99727e+03	1.22218e+03	7.04888e+02	3.69055e+03	6.71342e+00	2.55655e+00	1.92755e+04	1.34171e+02	2.41212e+01	1.46972e+00	5.00000e+01	0.00000e+00
8.10972e+03	1.22947e+03	6.84156e+02	3.69061e+03	6.71638e+00	2.55709e+00	1.86231e+04	1.34307e+02	2.41318e+01	1.46972e+00	5.00000e+01	0.00000e+00
8.22218e+03	1.23654e+03	6.63424e+02	3.69064e+03	6.71919e+00	2.55761e+00	1.80216e+04	1.34434e+02	2.41419e+01	1.46972e+00	5.00000e+01	0.00000e+00
8.33463e+03	1.24340e+03	6.42692e+02	3.69121e+03	6.72144e+00	2.55797e+00	1.74668e+04	1.34557e+02	2.41524e+01	1.46972e+00	5.00000e+01	0.00000e+00
8.44710e+03	1.25003e+03	6.21960e+02	3.69163e+03	6.72348e+00	2.55826e+00	1.69547e+04	1.34666e+02	2.41606e+01	1.46972e+00	5.00000e+01	0.00000e+00
8.55959e+03	1.25645e+03	6.01228e+02	3.69200e+03	6.72553e+00	2.55860e+00	1.64820e+04	1.34774e+02	2.41694e+01	1.46972e+00	5.00000e+01	0.00000e+00
8.67208e+03	1.26265e+03	5.80496e+02	3.69228e+03	6.72717e+00	2.55879e+00	1.60456e+04	1.34860e+02	2.41748e+01	1.46972e+00	5.00000e+01	0.00000e+00
8.78459e+03	1.26864e+03	5.59764e+02	3.69251e+03	6.72886e+00	2.55903e+00	1.56427e+04	1.34947e+02	2.41809e+01	1.46972e+00	5.00000e+01	0.00000e+00
8.89710e+03	1.27440e+03	5.39032e+02	3.69305e+03	6.73055e+00	2.55934e+00	1.52708e+04	1.35042e+02	2.41902e+01	1.46972e+00	5.00000e+01	0.00000e+00
9.00963e+03	1.27995e+03	5.18300e+02	3.69312e+03	6.73173e+00	2.55943e+00	1.49277e+04	1.35102e+02	2.41924e+01	1.46972e+00	5.00000e+01	0.00000e+00
9.12216e+03	1.28528e+03	4.97568e+02	3.69310e+03	6.73275e+00	2.55951e+00	1.46115e+04	1.35150e+02	2.41938e+01	1.46972e+00	5.00000e+01	0.00000e+00
9.23469e+03	1.29039e+03	4.76836e+02	3.69333e+03	6.73365e+00	2.55958e+00	1.43204e+04	1.35201e+02	2.41966e+01	1.46972e+00	5.00000e+01	0.00000e+00
9.34722e+03	1.29529e+03	4.56104e+02	3.69335e+03	6.73458e+00	2.55966e+00	1.40527e+04	1.35246e+02	2.41983e+01	1.46972e+00	5.00000e+01	0.00000e+00
9.45976e+03	1.29997e+03	4.35372e+02	3.69332e+03	6.73484e+00	2.55947e+00	1.38071e+04	1.35262e+02	2.41946e+01	1.46972e+00	5.00000e+01	0.00000e+00
9.57230e+03	1.30443e+03	4.14640e+02	3.69312e+03	6.73524e+00	2.55938e+00	1.35822e+04	1.35277e+02	2.41914e+01	1.46972e+00	5.00000e+01	0.00000e+00
9.68483e+03	1.30867e+03	3.93908e+02	3.69289e+03	6.73562e+00	2.55930e+00	1.33769e+04	1.35290e+02	2.41885e+01	1.46972e+00	5.00000e+01	0.00000e+00
9.79735e+03	1.31269e+03	3.73176e+02	3.69250e+03	6.73593e+00	2.55922e+00	1.31901e+04	1.35293e+02	2.41844e+01	1.46972e+00	5.00000e+01	0.00000e+00
9.90986e+03	1.31650e+03	3.52444e+02	3.69225e+03	6.73576e+00	2.55897e+00	1.30209e+04	1.35282e+02	2.41782e+01	1.46972e+00	5.00000e+01	0.00000e+00
1.00224e+04	1.32009e+03	3.31712e+02	3.69206e+03	6.73623e+00	2.55904e+00	1.28685e+04	1.35296e+02	2.41782e+01	1.46972e+00	5.00000e+01	0.00000e+00
1.01349e+04	1.32346e+03	3.10980e+02	3.69284e+03	6.73908e+00	2.56022e+00	1.27322e+04	1.35437e+02	2.42054e+01	1.46972e+00	5.00000e+01	0.00000e+00
1.02474e+04	1.32662e+03	2.90248e+02	3.69312e+03	6.74065e+00	2.56083e+00	1.26113e+04	1.35510e+02	2.42190e+01	1.46972e+00	5.00000e+01	0.00000e+00
1.03599e+04	1.32956e+03	2.69516e+02	3.69346e+03	6.74271e+00	2.56170e+00	1.25053e+04	1.35603e+02	2.42376e+01	1.46972e+00	5.00000e+01	0.00000e+00
1.04725e+04	1.33228e+03	2.48784e+02	3.69396e+03	6.74346e+00	2.56205e+00	1.24136e+04	1.35650e+02	2.42476e+01	1.46972e+00	5.00000e+01	0.00000e+00
1.05850e+04	1.33478e+03	2.28052e+02	3.69430e+03	6.74472e+00	2.56264e+00	1.23359e+04	1.35711e+02	2.42608e+01	1.46972e+00	5.00000e+01	0.00000e+00
1.06976e+04	1.33706e+03	2.07320e+02	3.69367e+03	6.74604e+00	2.56321e+00	1.22718e+04	1.35738e+02	2.42675e+01	1.46972e+00	5.00000e+01	0.00000e+00
1.08101e+04	1.33913e+03	1.86588e+02	3.69319e+03	6.74621e+00	2.56334e+00	1.22209e+04	1.35726e+02	2.42668e+01	1.46972e+00	5.00000e+01	0.00000e+00
1.09227e+04	1.34098e+03	1.65856e+02	3.69316e+03	6.74711e+00	2.56384e+00	1.21830e+04	1.35757e+02	2.42760e+01	1.46972e+00	5.00000e+01	0.00000e+00
1.10352e+04	1.34261e+03	1.45124e+02	3.69366e+03	6.74849e+00	2.56460e+00	1.21579e+04	1.35825e+02	2.42938e+01	1.46972e+00	5.00000e+01	0.00000e+00
1.11477e+04	1.34402e+03	1.24392e+02	3.69296e+03	6.74811e+00	2.56457e+00	1.21455e+04	1.35781e+02	2.42887e+01	1.46972e+00	5.00000e+01	0.00000e+00
1.12603e+04	1.34522e+03	1.03660e+02	3.69269e+03	6.74708e+00	2.56433e+00	1.21456e+04	1.35726e+02	2.42823e+01	1.46972e+00	5.00000e+01	0.00000e+00
1.13728e+04	1.34620e+03	8.29280e+01	3.69126e+03	6.74641e+00	2.56419e+00	1.21583e+04	1.35644e+02	2.42703e+01	1.46972e+00	5.00000e+01	0.00000e+00
1.14853e+04	1.34696e+03	6.21960e+01	3.68996e+03	6.74387e+00	2.56330e+00	1.21836e+04	1.35492e+02	2.42449e+01	1.46972e+00	5.00000e+01	0.00000e+00
1.15977e+04	1.34751e+03	4.14640e+01	3.68932e+03	6.74358e+00	2.56344e+00	1.22214e+04	1.35451e+02	2.42433e+01	1.46972e+00	5.00000e+01	0.00000e+00
1.17101e+04	1.34783e+03	2.07320e+01	3.68817e+03	6.74169e+00	2.56290e+00	1.22721e+04	1.35328e+02	2.42255e+01	1.46972e+00	5.00000e+01	0.00000e+00
1.18225e+04	NaN	0.00000e+00	0.00000e+00	0.00000e+00	0.00000e+00	NaN	1.35328e+02	2.42255e+01	1.46972e+00	5.00000e+01	NaN
